9.055984925820315112e-01
1.467091188021439674e+00
2.209681534848723650e-01
0.000000000000000000e+00
2.991198668220075074e+00
1.611583090281886843e+00
1.591792682341691245e+00
0.000000000000000000e+00
7.863703535910591125e-01
2.314842050779883920e+00
1.010705801214244470e+00
0.000000000000000000e+00
0.000000000000000000e+00
0.000000000000000000e+00
0.000000000000000000e+00
0.000000000000000000e+00
8.937710193816856830e+00
9.106715895832543595e+01
5.989333759792782530e+01
0.000000000000000000e+00
6.477206506117043716e+01
7.651343403622009021e+01
3.560155591765649774e+01
0.000000000000000000e+00
2.690512347388603231e+01
7.600421614076427090e+01
9.216235447835005345e+01
0.000000000000000000e+00
0.000000000000000000e+00
0.000000000000000000e+00
0.000000000000000000e+00
0.000000000000000000e+00
1.269061241445444785e-04
9.191567761177103215e-05
1.903265895136613610e-06
0.000000000000000000e+00
2.305385008046670310e-05
1.229300245775511661e-04
3.979370627367462537e-05
0.000000000000000000e+00
3.282770515099534017e-06
2.396954209408170758e-05
9.134889764069066345e-06
0.000000000000000000e+00
0.000000000000000000e+00
0.000000000000000000e+00
0.000000000000000000e+00
0.000000000000000000e+00
4.157480056676583047e+00
1.788112562760259294e+01
1.942043111299879854e+01
0.000000000000000000e+00
1.148294431152697292e+01
9.994256625667096827e+00
6.639655389656510920e+00
0.000000000000000000e+00
1.158950493161261530e+00
5.321461800053139513e+00
1.014774954403281804e+01
0.000000000000000000e+00
0.000000000000000000e+00
0.000000000000000000e+00
0.000000000000000000e+00
0.000000000000000000e+00
4.766062675864581877e-01
3.963288459824978460e-01
2.287995458005918969e+00
0.000000000000000000e+00
5.282292750571495610e-01
1.767354378605483056e+00
6.116060365831206269e-01
0.000000000000000000e+00
1.088819300501246090e+00
3.768763513161154766e+00
1.944743669272368525e+00
0.000000000000000000e+00
0.000000000000000000e+00
0.000000000000000000e+00
0.000000000000000000e+00
0.000000000000000000e+00
4.215207884386558135e-01
1.096300369168584865e+00
1.279988126430729789e+00
6.940788641023889483e-01
